20
0.50181 0.43508 0.57562 0.67188 0.73003 0.0036984 0.48105 0.76117 0.010637 0.022134 0.27122 0.6548 0.4221 0.094378 0.44574 0.40922 0.56337 0.66857 0.19471 0.075848
0.39862 0.62481 0.4564 0.13576 0.60367 0.79983 0.061997 0.66455 0.51967 0.70531 0.15147 0.29067 0.0054668 0.48272 0.77788 0.19951 0.32229 0.17734 0.074929 0.54962
0.7951 0.21788 0.5908 0.28049 0.077507 0.62939 0.068327 0.11923 0.76594 0.036345 0.36222 0.49069 0.17504 0.20519 0.2345 0.51611 0.55453 0.67387 0.0515 0.47592
0.78046 0.29551 0.17437 0.097456 0.14131 0.15296 0.2099 0.6345 0.62434 0.43414 0.22042 0.78175 0.19664 0.067027 0.1724 0.45902 0.76861 0.78428 0.054996 0.69136
0.58105 0.54927 0.21231 0.63772 0.50051 0.232 0.13479 0.22799 0.42419 0.55587 0.28194 0.022794 0.0027086 0.1948 0.36922 0.76046 0.031295 0.57607 0.17346 0.2196
0.5021 0.20559 0.19768 0.229 0.090501 0.15581 0.4502 0.70757 0.54538 0.097087 0.44701 0.73696 0.59934 0.5107 0.52469 0.10554 0.27043 0.37078 0.60871 0.63419
0.077912 0.49062 0.24684 0.40397 0.73624 0.5763 0.53167 0.77915 0.35245 0.76308 0.75557 0.72288 0.24785 0.11004 0.5661 0.18772 0.79395 0.335 0.69533 0.031367
0.63399 0.18708 0.15856 0.44173 0.65065 0.53856 0.72014 0.45221 0.60518 0.58632 0.64349 0.56328 0.60591 0.071582 0.42006 0.14041 0.32387 0.3436 0.40087 0.54114
0.025762 0.29404 0.31546 0.68165 0.47895 0.34542 0.74583 0.41037 0.65513 0.32633 0.089396 0.61027 0.54498 0.52008 0.22187 0.23079 0.52114 0.71027 0.32196 0.74802
0.11473 0.27283 0.32593 0.21998 0.0479 0.53041 0.76001 0.30965 0.22921 0.73103 0.098186 0.39379 0.35185 0.67913 0.013759 0.69253 0.77468 0.52392 0.13899 0.030798
0.16347 0.39181 0.20061 0.6625 0.65644 0.33705 0.14401 0.30263 0.44917 0.35338 0.66028 0.56132 0.73691 0.25884 0.60663 0.48957 0.59262 0.14397 0.077916 0.35505
0.73104 0.75902 0.17803 0.77338 0.2848 0.59642 0.41038 0.71194 0.35659 0.36334 0.23257 0.32885 0.13793 0.45429 0.36375 0.44331 0.54059 0.30461 0.14276 0.71619
0.25425 0.70514 0.17694 0.16109 0.73781 0.3017 0.49705 0.55078 0.21995 0.17628 0.65594 0.4011 0.62255 0.5454 0.34266 0.34196 0.17384 0.58817 0.59345 0.55213
0.4646 0.43736 0.68181 0.49782 0.42601 0.11226 0.2017 0.12501 0.5013 0.37856 0.57178 0.62679 0.27194 0.5771 0.65251 0.12009 0.73277 0.11002 0.38728 0.43946
0.75456 0.27493 0.64024 0.78597 0.27173 0.42138 0.10267 0.18043 0.16828 0.25751 0.76946 0.21991 0.022003 0.43381 0.26582 0.63349 0.60345 0.086988 0.67011 0.51038
0.58892 0.19445 0.02279 0.423 0.48696 0.36716 0.27815 0.64062 0.067441 0.63725 0.047914 0.48242 0.35547 0.69005 0.61425 0.39398 0.4116 0.0046986 0.33497 0.0050147
0.33965 0.66518 0.56435 0.035337 0.38067 0.33765 0.34734 0.049642 0.76623 0.55536 0.01771 0.55206 0.55119 0.23633 0.63499 0.66072 0.69875 0.12542 0.56357 0.50511
0.36742 0.17677 0.66505 0.50246 0.1521 0.30413 0.52972 0.69264 0.53072 0.48958 0.048725 0.67079 0.44347 0.79211 0.51638 0.67019 0.72179 0.36398 0.07449 0.080561
0.067862 0.52796 0.014291 0.4746 0.51153 0.79882 0.70655 0.51549 0.63687 0.47186 0.46107 0.62799 0.6505 0.1298 0.75122 0.68097 0.18041 0.36113 0.50415 0.48058
0.1738 0.27173 0.77206 0.6633 0.53398 0.63909 0.28682 0.11893 0.50553 0.58348 0.44759 0.12116 0.38532 0.35282 0.13749 0.26255 0.2169 0.059729 0.16623 0.40339
