0.501810  0.000000  0.000000  0.000000  0.000000  0.000000  0.000000  0.000000  0.000000  0.000000  0.000000  0.000000  0.000000  0.000000  0.000000  0.000000  0.000000  0.000000  0.000000  0.000000  
0.398620  0.322020  -0.000743  -0.297224  0.016332  108.124712  -0.333947  0.039492  24.117278  15.591784  -0.118371  -0.175863  -0.392121  2.168013  0.477110  -0.153969  -0.111547  -0.265514  -0.205512  3.237663  
0.795100  -0.543803  -0.280056  -0.585609  -0.741823  84.602422  -0.723824  -0.716496  35.338805  0.028894  -0.124922  -0.419057  -0.587005  0.295900  -0.531102  -0.162215  -0.301164  -0.289312  -0.662373  2.353584  
0.780460  -0.439626  -0.628449  -0.707673  -0.683326  19.973611  -0.561502  -0.362159  28.673339  9.062126  -0.372640  -0.181361  -0.546686  -0.424076  -0.586374  -0.217582  -0.095837  -0.191801  -0.638723  3.793574  
0.581050  0.052464  -0.395964  -0.104753  -0.237008  30.897406  -0.440443  -0.430745  19.430493  12.021332  -0.059406  -0.563582  -0.577830  0.454706  -0.165386  0.351471  -0.553175  -0.148668  -0.134006  0.871823  
0.502100  -0.264978  -0.329768  -0.331066  -0.439891  20.638668  -0.032471  -0.035626  25.226690  1.699004  0.324956  0.062674  0.210420  2.213304  0.088591  -0.372681  -0.261220  -0.223803  1.066678  3.693698  
0.077912  0.487956  0.137276  0.223803  0.428167  78.116200  0.476703  0.435752  16.549232  17.222222  1.320040  0.476072  0.216742  0.507173  0.559398  0.152281  0.629282  0.173530  1.714105  0.129612  
0.633990  -0.418217  -0.495762  -0.304073  -0.186744  72.439445  0.117228  -0.335865  27.915918  12.658738  0.556592  -0.202317  0.086341  -0.253387  -0.161090  -0.461811  -0.345510  -0.376093  0.399139  2.946190  
0.025762  0.313376  0.249248  0.483345  0.303460  46.841859  0.752255  0.244779  30.880582  7.372614  0.139638  0.441922  0.622133  2.739515  0.224017  0.257246  0.438433  0.507347  0.803999  4.923135  
0.114730  0.199945  0.169407  0.049567  -0.081804  71.852889  0.678079  0.089410  10.698457  16.458784  0.066933  0.187053  0.303564  3.496220  -0.099240  0.734492  0.575300  0.278510  0.243477  0.089029  
0.163470  0.288434  0.011416  0.331334  0.287756  45.568484  -0.013245  0.036042  21.026527  7.848169  1.058177  0.266701  0.712599  1.212788  0.519468  0.436870  0.364394  -0.055410  0.037336  2.185539  
0.731040  0.144394  -0.575838  -0.153422  -0.535273  80.193014  -0.302950  -0.261685  16.091413  7.506407  -0.300740  -0.479024  -0.567063  1.684430  -0.321534  -0.187427  -0.249521  -0.502408  -0.363116  4.007270  
0.254250  0.559040  -0.099998  -0.133936  0.252908  40.681311  0.264250  0.108858  10.122088  3.742274  0.959367  0.053135  0.485863  2.645654  0.131513  0.165082  -0.099406  0.187214  1.275200  3.398639  
0.464600  0.039840  0.129784  -0.092791  -0.171768  14.767173  -0.254196  -0.382186  23.184676  8.117906  0.593305  0.015744  -0.141306  2.603854  0.269990  -0.317338  0.188099  -0.382022  0.533505  2.442865  
0.754560  -0.437463  -0.196416  -0.167539  -0.567777  56.419542  -0.647459  -0.635609  7.184200  5.083567  0.669091  -0.586031  -0.728402  1.552018  -0.455302  0.022263  -0.217050  -0.689269  0.972459  2.622112  
0.588920  -0.364646  -0.569052  -0.272992  -0.254192  49.228450  -0.298766  -0.166584  2.592670  13.858465  -0.500270  -0.219214  -0.166323  3.080092  0.102597  -0.105798  -0.222296  -0.585393  0.274371  -0.555743  
0.339650  0.427551  0.152335  -0.313258  -0.077984  45.473714  0.022680  -0.306923  35.807936  12.251170  -0.306883  0.083425  0.315628  0.916922  0.375216  0.470564  0.282747  -0.245513  1.112792  3.002155  
0.367420  -0.163538  0.212353  0.007855  -0.262869  40.897850  0.185160  0.089211  24.669771  10.732071  -0.277269  0.146644  0.159796  3.844247  0.213916  0.454407  0.275499  -0.094227  -0.175443  0.165571  
0.067862  0.541073  -0.055403  0.286605  0.283755  108.318431  0.669180  0.271981  29.977051  10.629891  0.785208  0.413402  0.705479  0.622288  0.777855  0.767184  0.092834  0.203192  1.231442  3.111653  
0.173800  0.139606  0.499261  0.321602  0.193249  86.539847  0.125398  -0.095394  23.675030  13.054541  0.654329  -0.080948  0.284284  1.702152  -0.019015  0.148154  0.019399  -0.128969  0.254611  2.495026  

0.501810  0.000000  0.000000  0.000000  0.000000  0.000000  0.000000  0.000000  0.000000  0.000000  0.000000  0.000000  0.000000  0.000000  0.000000  0.000000  0.000000  0.000000  0.000000  0.000000  
0.398620  0.322020  0.000000  0.000000  0.000000  0.000000  0.000000  0.000000  0.000000  0.000000  0.000000  0.000000  0.000000  0.000000  0.000000  0.000000  0.000000  0.000000  0.000000  0.000000  
0.795100  -0.543803  121.957150  1.178265  -14.082508  0.795768  1.241774  -5.298518  1.015655  0.544400  0.883645  1.311129  1.025867  0.587754  0.185342  0.883069  1.413219  0.894686  1.581687  0.777892  
0.780460  -0.439626  272.892122  1.206335  -13.033315  0.499112  0.981073  -2.513420  0.822480  0.626788  1.453367  0.771713  0.888579  0.376638  0.043861  0.894691  0.716293  0.672247  1.440453  0.816937  
0.581050  0.052464  171.610399  0.061028  -4.725484  0.039556  0.372248  -3.564765  0.206977  0.195815  0.109146  0.979499  0.422065  0.015075  -0.164089  -0.787552  1.544470  0.127843  0.157512  0.034248  
0.502100  -0.264978  143.229798  0.623662  -8.408230  0.326444  0.296289  -0.025520  0.601811  0.300068  -0.619042  0.150217  0.092175  0.593725  0.324771  1.044424  1.019082  0.536410  -1.406418  0.632355  
0.077912  0.487956  -60.001644  -0.730430  7.954082  -0.255309  -0.947632  3.065168  -0.266987  -0.132263  -4.079032  -1.359681  -0.665951  -0.412625  -0.110397  -0.806447  -2.304602  -0.698416  -3.173815  -0.475065  
0.633990  -0.418217  215.346584  0.747657  -3.263770  0.633958  0.305176  -2.320435  0.790957  0.679660  -1.095953  0.788675  0.347311  0.380581  0.309491  1.384075  1.415652  0.874350  -0.207201  0.711246  
0.025762  0.313376  -108.370064  -0.837043  5.669856  -0.173871  -1.038762  1.682556  0.098949  -0.161108  -0.693252  -1.122571  -0.824288  0.093530  -0.162178  -0.851397  -1.579066  -0.928696  -1.573175  0.176281  
0.114730  0.199945  -73.643234  -0.253648  -1.812858  0.014049  -0.853804  0.529108  -0.057097  0.139981  -0.382032  -0.542455  -0.449239  0.319356  -0.266926  -1.736104  -1.860752  -0.537727  -0.581454  -0.191090  
0.163470  0.288434  -5.237800  -0.647409  5.385159  -0.152720  -0.275661  0.005456  -0.007682  -0.126344  -3.167129  -0.776784  -0.873638  -0.108295  0.062175  -1.202129  -1.340385  -0.221231  -0.346937  -0.071059  
0.731040  0.144394  249.499703  0.021827  -10.698226  0.094439  0.147735  -2.278181  0.070462  0.010637  0.673748  0.732737  0.321293  0.105798  -0.361409  0.247601  0.575936  0.464936  0.424579  0.254171  
0.254250  0.559040  42.793463  -0.413931  4.427471  -0.437882  -0.813852  0.328589  -0.423888  -0.481750  -3.168931  -0.656335  -0.958044  -0.166075  -0.470277  -0.904302  -0.272071  -0.786097  -2.557172  -0.221010  
0.464600  0.039840  -56.305128  0.060692  -3.426542  0.004140  0.205277  -3.156188  0.269728  0.127821  -1.653883  -0.068669  0.076205  0.346916  0.142387  0.623861  -0.582855  0.423484  -0.875797  0.203129  
0.754560  -0.437463  85.590024  0.618979  -10.757243  0.605493  1.061796  -4.745306  0.533388  0.542455  -1.382753  1.510532  1.035645  0.667987  0.130162  0.390900  1.064053  1.273421  -1.086300  0.698259  
0.588920  -0.364646  247.066819  0.660412  -4.647186  0.511260  0.652741  -0.993682  0.399264  0.650868  1.725595  0.766046  0.501235  0.822139  0.433893  0.585919  1.006382  1.074622  -0.065269  0.309372  
0.339650  0.427551  -66.469644  -0.088161  -1.965140  -0.292120  -0.449421  -2.930205  0.050565  -0.174526  0.407302  -0.580308  -0.686753  -0.291359  -0.174304  -1.411717  -1.243800  -0.129788  -2.171204  -0.128955  
0.367420  -0.163538  -91.898060  0.155028  -5.019376  0.285341  -0.015009  0.890964  0.492935  0.385189  0.917829  -0.104979  0.032310  0.734532  0.307918  -0.786835  -0.631788  0.277818  0.438443  0.180006  
0.067862  0.541073  23.478093  -0.851587  5.053640  -0.218477  -1.186351  1.676661  -0.140813  -0.321533  -2.677175  -1.298045  -1.120431  -0.448644  -0.016070  -2.145607  -0.809073  -0.787508  -2.470641  -0.231587  
0.173800  0.139606  -216.585087  -0.488037  3.670621  0.118129  -0.260525  -0.917451  0.176508  0.130011  -1.919662  0.008616  -0.373068  0.113218  -0.152440  -0.449465  -0.195609  0.016810  -0.538560  0.108550  

0.501810  0.000000  0.000000  0.000000  0.000000  0.000000  0.000000  0.000000  0.000000  0.000000  0.000000  0.000000  0.000000  0.000000  0.000000  0.000000  0.000000  0.000000  0.000000  0.000000  
0.398620  0.322020  0.000000  0.000000  0.000000  0.000000  0.000000  0.000000  0.000000  0.000000  0.000000  0.000000  0.000000  0.000000  0.000000  0.000000  0.000000  0.000000  0.000000  0.000000  
0.795100  -0.543803  121.957150  0.000000  0.000000  0.000000  0.000000  0.000000  0.000000  0.000000  0.000000  0.000000  0.000000  0.000000  0.000000  0.000000  0.000000  0.000000  0.000000  0.000000  
0.780460  -0.439626  272.892122  -148.029581  -160.021185  -196.399568  -176.538982  -215.040175  -174.130952  -132.478215  -72.304201  -201.109777  -167.255985  -194.740928  -244.031289  -149.329943  -211.077885  -181.256285  -161.824923  -144.813419  
0.581050  0.052464  171.610399  -165.293626  -130.686827  -165.548215  -135.051193  -89.559430  -146.757176  -127.743710  -156.546534  -80.500429  -121.434443  -168.482446  -279.582633  -280.376052  -38.326634  -154.183705  -159.465298  -166.241007  
0.502100  -0.264978  143.229798  -78.677232  -70.412958  -93.199844  -114.130613  -142.642388  -70.965982  -76.008236  -228.667452  -129.257075  -132.271804  -20.033673  70.473435  1.011420  -55.285663  -70.110222  -251.672704  -44.089753  
0.077912  0.487956  -60.001644  -15.601964  -8.882191  20.873731  -33.067256  -10.549994  27.942547  30.371898  -502.970138  -66.471683  -19.167971  -25.616821  -12.641121  -51.373515  -138.879523  -35.201472  -184.717806  -14.478644  
0.633990  -0.418217  215.346584  -137.959879  -187.081730  -118.188004  -185.374643  -161.936633  -120.370600  -63.088270  -366.605660  -141.986473  -174.057484  -136.377195  -11.698103  -24.197471  -93.179471  -96.161485  -231.322973  -103.838018  
0.025762  0.313376  -108.370064  21.731344  59.268050  81.723152  6.351115  69.642299  120.251573  72.278357  12.690239  3.952017  10.377046  127.777260  1.654810  -9.212921  -27.899267  -18.223080  -12.930823  136.007307  
0.114730  0.199945  -73.643234  47.389272  89.342925  75.796342  -10.210638  61.464645  66.787216  105.001949  20.916655  23.185784  20.236709  139.908672  -101.997126  -166.123184  -86.934791  0.344172  28.809787  43.684292  
0.163470  0.288434  -5.237800  -61.772678  -41.398682  -18.167689  -21.835472  5.112224  4.315332  -23.065954  -431.876764  -67.016264  -98.622128  -17.233196  46.149914  -160.783455  -110.433942  -24.918838  -21.513014  -5.902712  
0.731040  0.144394  249.499703  -247.240466  -156.851073  -235.026279  -234.990332  -197.062316  -241.038767  -247.116779  -156.511683  -181.342810  -211.303756  -227.546915  -487.311029  -215.304454  -199.797928  -186.122974  -216.762201  -209.650984  
0.254250  0.559040  42.793463  -85.637659  -81.136187  -109.902051  -122.723561  -50.356679  -93.692764  -150.715853  -480.156663  -103.843744  -156.687678  -77.253648  -352.240920  -167.683002  -66.272452  -149.948548  -239.966140  -77.443179  
0.464600  0.039840  -56.305128  62.587112  85.979618  56.939653  76.465758  128.951790  88.693306  84.939708  -171.957251  49.917762  65.364509  128.289258  149.997122  142.464037  6.006227  114.031385  -11.223880  88.151503  
0.754560  -0.437463  85.590024  -21.522228  7.569704  7.206122  18.691167  23.633721  -21.542214  35.931400  -276.432067  54.914932  37.529629  53.015422  0.058149  -31.604361  6.234998  87.993635  -169.349979  23.882470  
0.588920  -0.364646  247.066819  -178.710392  -206.821318  -168.712579  -182.959746  -224.195031  -199.124220  -101.258574  -8.907093  -175.811642  -187.478993  -76.475352  38.439694  -166.147882  -160.218652  -100.582017  -252.099459  -198.563761  
0.339650  0.427551  -66.469644  57.344502  83.488123  21.700084  22.331091  133.914827  72.541326  27.372095  122.683875  12.491161  -15.172959  6.013500  -48.224355  -128.497005  -40.867078  48.777814  -100.942717  46.252123  
0.367420  -0.163538  -91.898060  107.944367  135.366794  135.628627  90.424012  71.390538  151.088351  178.188693  218.573215  82.133252  95.739125  244.311387  294.511564  -16.768652  37.376401  129.768221  125.704521  120.119218  
0.067862  0.541073  23.478093  -111.622225  -67.243557  -56.961232  -139.992095  -62.070162  -40.386498  -95.508249  -392.971138  -144.218237  -156.677278  -116.570356  -34.052305  -319.799370  -93.298968  -130.825613  -213.978716  -59.786061  
0.173800  0.139606  -216.585087  166.070472  184.796824  234.689168  190.998364  237.702252  237.779737  245.710380  -48.359016  217.386562  172.233990  240.077484  116.277645  154.511218  199.704560  218.876467  175.058984  233.603501  

0.501810  0.000000  0.000000  0.000000  0.000000  0.000000  0.000000  0.000000  0.000000  0.000000  0.000000  0.000000  0.000000  0.000000  0.000000  0.000000  0.000000  0.000000  0.000000  0.000000  
0.398620  0.322020  0.000000  0.000000  0.000000  0.000000  0.000000  0.000000  0.000000  0.000000  0.000000  0.000000  0.000000  0.000000  0.000000  0.000000  0.000000  0.000000  0.000000  0.000000  
0.795100  -0.543803  121.957150  0.000000  0.000000  0.000000  0.000000  0.000000  0.000000  0.000000  0.000000  0.000000  0.000000  0.000000  0.000000  0.000000  0.000000  0.000000  0.000000  0.000000  
0.780460  -0.439626  272.892122  -148.029581  0.000000  0.000000  0.000000  0.000000  0.000000  0.000000  0.000000  0.000000  0.000000  0.000000  0.000000  0.000000  0.000000  0.000000  0.000000  0.000000  
0.581050  0.052464  171.610399  -165.293626  44.400158  40.517217  52.051943  103.642613  40.534628  22.554325  -155.206669  106.040193  57.818312  37.224062  -4.301429  -112.640916  138.415038  39.373860  19.422516  -4.639427  
0.502100  -0.264978  143.229798  -78.677232  13.540854  8.430979  -17.022349  -19.515084  18.348701  -6.253466  -389.477406  -16.464192  -38.389668  63.448917  121.426476  79.679845  39.905224  21.419153  -151.540735  33.608290  
0.077912  0.487956  -60.001644  -15.601964  7.385382  31.334838  -12.125238  8.339548  39.356061  49.539161  -1014.137078  -33.325421  -1.362611  -3.870303  7.933849  -35.324192  -81.794680  -13.146607  -153.368915  0.801763  
0.633990  -0.418217  215.346584  -137.959879  -35.102394  48.879638  -17.478487  26.485770  35.632238  67.465797  -612.597924  33.448808  -16.089355  34.294670  130.863800  113.973119  72.612825  59.426082  -73.643144  31.815722  
0.025762  0.313376  -108.370064  21.731344  33.095300  39.864738  -16.405875  26.209095  80.495111  59.031632  4.249591  -18.822408  -12.547160  75.396745  -20.727534  -30.864039  -41.297187  -36.613889  -33.559832  117.296549  
0.114730  0.199945  -73.643234  47.389272  35.258508  9.739676  -55.950987  -5.078175  9.386869  69.938656  -4.566260  -30.323061  -29.478812  58.960340  -109.260812  -212.065858  -108.356912  -47.108191  -21.035477  -2.734795  
0.163470  0.288434  -5.237800  -61.772678  23.476315  48.079393  43.463432  65.291836  65.441164  35.999056  -822.415729  12.444448  -25.512642  48.673107  89.767254  -97.610677  -15.674990  41.421797  42.093618  55.738873  
0.731040  0.144394  249.499703  -247.240466  102.143437  70.097299  50.198884  111.586503  42.332222  -28.884882  -73.188478  113.760630  60.226493  74.273876  -48.362805  33.810880  107.121555  95.236326  48.956931  32.933344  
0.254250  0.559040  42.793463  -85.637659  10.581624  2.802678  -17.267190  50.973076  5.988979  -82.770442  -897.394980  9.202062  -53.038462  26.914383  -128.031973  -80.585162  39.160581  -36.823312  -133.871713  6.474545  
0.464600  0.039840  -56.305128  62.587112  16.949399  -19.670760  1.530138  26.180856  12.811504  32.323507  -414.638022  -25.844466  -4.736381  34.930165  28.401265  78.636351  -58.374926  30.540793  -72.854172  27.522148  
0.754560  -0.437463  85.590024  -21.522228  28.524677  26.953601  37.194945  37.791233  3.209086  61.671547  -544.421693  61.943109  54.737752  61.821156  21.557501  -9.806922  25.894851  93.385451  -133.390909  45.935103  
0.588920  -0.364646  247.066819  -178.710392  -12.612231  51.548950  25.296941  24.378782  9.433912  65.565267  160.474754  49.301847  12.782479  120.578727  202.027942  14.009323  66.348550  96.566406  -51.897950  -24.263271  
0.339650  0.427551  -66.469644  57.344502  19.887220  -40.988793  -38.619674  34.839926  4.323237  -26.759249  193.828215  -48.150213  -70.773299  -52.773425  -86.597436  -184.722558  -86.004712  -17.508315  -149.681998  -10.065166  
0.367420  -0.163538  -91.898060  107.944367  17.278363  -5.718843  -32.122991  -58.800474  20.496584  91.161557  339.544174  -47.489072  -23.210643  77.765502  70.706589  -124.566998  -81.732180  -1.964399  7.044024  14.842579  
0.067862  0.541073  23.478093  -111.622225  49.417739  68.689609  -5.762450  68.894302  77.289464  4.902444  -692.914053  5.468434  -27.044691  23.012907  90.966069  -205.392338  46.191367  4.778699  -84.115113  50.508376  
0.173800  0.139606  -216.585087  166.070472  4.878120  10.818609  -5.916565  -2.440747  36.067255  108.483383  -265.076681  -6.060143  -13.635118  16.421055  -95.536357  -12.904735  -26.017040  12.683007  -5.935015  72.721130  

0.501810  0.000000  0.000000  0.000000  0.000000  0.000000  0.000000  0.000000  0.000000  0.000000  0.000000  0.000000  0.000000  0.000000  0.000000  0.000000  0.000000  0.000000  0.000000  0.000000  
0.398620  0.322020  0.000000  0.000000  0.000000  0.000000  0.000000  0.000000  0.000000  0.000000  0.000000  0.000000  0.000000  0.000000  0.000000  0.000000  0.000000  0.000000  0.000000  0.000000  
0.795100  -0.543803  121.957150  0.000000  0.000000  0.000000  0.000000  0.000000  0.000000  0.000000  0.000000  0.000000  0.000000  0.000000  0.000000  0.000000  0.000000  0.000000  0.000000  0.000000  
0.780460  -0.439626  272.892122  -148.029581  0.000000  0.000000  0.000000  0.000000  0.000000  0.000000  0.000000  0.000000  0.000000  0.000000  0.000000  0.000000  0.000000  0.000000  0.000000  0.000000  
0.581050  0.052464  171.610399  -165.293626  44.400158  0.000000  0.000000  0.000000  0.000000  0.000000  0.000000  0.000000  0.000000  0.000000  0.000000  0.000000  0.000000  0.000000  0.000000  0.000000  
0.502100  -0.264978  143.229798  -78.677232  13.540854  -4.301897  -28.060869  -21.901052  6.557646  -25.851347  97.877415  -20.434586  -43.021259  62.139816  -1266.927803  -44.948603  -0.740234  10.612577  -359.965208  -335.178261  
0.077912  0.487956  -60.001644  -15.601964  7.385382  26.952408  -17.728176  -3.812747  35.723815  90.136782  282.730027  -21.339091  -8.431766  -12.001807  -89.280068  6.538507  -33.623114  -22.210229  -357.988982  -15.058404  
0.633990  -0.418217  215.346584  -137.959879  -35.102394  88.666380  20.193296  46.448812  74.132652  167.914705  210.349016  49.107766  22.746968  76.008428  -1315.698387  -9.822884  58.394812  102.114554  -133.246917  -269.379813  
0.025762  0.313376  -108.370064  21.731344  33.095300  10.589848  -47.089464  -21.867409  55.076117  83.113621  -34.310986  -40.976443  -42.730585  56.836513  180.858214  -20.929488  -46.342427  -74.383161  -109.813571  -1155.644480  
0.114730  0.199945  -73.643234  47.389272  35.258508  -24.585437  -82.984539  -37.433982  -24.976473  102.421842  -33.952232  -47.955096  -57.896041  35.068271  1092.552168  48.332410  -70.016754  -88.380329  -83.345919  -9.086021  
0.163470  0.288434  -5.237800  -61.772678  23.476315  29.210735  13.597867  4.494495  48.205556  47.390969  211.793138  -18.265692  -43.068124  34.580047  -950.070817  14.999309  -28.504468  23.233211  72.750316  -556.907402  
0.731040  0.144394  249.499703  -247.240466  102.143437  -25.328410  -59.323934  -54.340143  -55.774261  -159.005849  -81.206322  -54.510651  -55.893976  -13.550961  397.066539  -115.470818  -67.781463  5.250349  9.772828  -417.321489  
0.254250  0.559040  42.793463  -85.637659  10.581624  -7.510353  -25.310487  11.255076  -4.021514  -173.522464  246.137234  -6.728622  -51.311213  21.521344  1310.988510  21.182979  1.980133  -52.105642  -316.614332  -72.544187  
0.464600  0.039840  -56.305128  62.587112  16.949399  -38.505294  -15.644196  -5.733606  -2.916144  46.682245  101.666596  -27.770752  -20.586588  24.714642  -310.112609  -47.945831  -35.674647  17.490100  -183.495111  -280.341335  
0.754560  -0.437463  85.590024  -21.522228  28.524677  1.012004  3.202505  -12.335035  -25.009560  92.881147  127.218690  -2.588438  13.509841  45.214431  -251.045260  -24.659039  -20.218242  76.781960  -333.458260  -468.131919  
0.588920  -0.364646  247.066819  -178.710392  -12.612231  69.101340  34.190448  23.056022  22.945794  141.683182  -33.294974  33.255439  22.428223  156.436259  -2072.758232  7.090115  33.895222  121.505889  -106.027248  244.816124  
0.339650  0.427551  -66.469644  57.344502  19.887220  -64.804147  -52.829691  -4.961910  -15.151704  -72.565138  -75.335890  -40.048227  -74.235844  -82.834365  873.987820  52.925670  -47.475428  -39.630572  -362.062474  76.438235  
0.367420  -0.163538  -91.898060  107.944367  17.278363  -23.545267  -44.679182  -42.468294  5.172850  162.181122  -114.412172  -37.162543  -35.102408  75.478858  -747.125093  31.822750  -43.496047  -19.493529  -1.175620  -159.324524  
0.067862  0.541073  23.478093  -111.622225  49.417739  25.854693  -54.333093  -19.903645  35.242329  -39.766849  148.805014  -47.128047  -70.186048  -21.968379  -988.386628  31.542649  -34.600679  -44.029012  -241.706126  -532.792025  
0.173800  0.139606  -216.585087  166.070472  4.878120  6.977283  -9.924933  -5.923728  34.628639  208.680889  70.952684  -7.415567  -15.348876  14.708604  981.266147  0.208595  -13.223750  9.423945  -18.445651  -700.832480  

0.501810  0.000000  0.000000  0.000000  0.000000  0.000000  0.000000  0.000000  0.000000  0.000000  0.000000  0.000000  0.000000  0.000000  0.000000  0.000000  0.000000  0.000000  0.000000  0.000000  
0.398620  0.322020  0.000000  0.000000  0.000000  0.000000  0.000000  0.000000  0.000000  0.000000  0.000000  0.000000  0.000000  0.000000  0.000000  0.000000  0.000000  0.000000  0.000000  0.000000  
0.795100  -0.543803  121.957150  0.000000  0.000000  0.000000  0.000000  0.000000  0.000000  0.000000  0.000000  0.000000  0.000000  0.000000  0.000000  0.000000  0.000000  0.000000  0.000000  0.000000  
0.780460  -0.439626  272.892122  -148.029581  0.000000  0.000000  0.000000  0.000000  0.000000  0.000000  0.000000  0.000000  0.000000  0.000000  0.000000  0.000000  0.000000  0.000000  0.000000  0.000000  
0.581050  0.052464  171.610399  -165.293626  44.400158  0.000000  0.000000  0.000000  0.000000  0.000000  0.000000  0.000000  0.000000  0.000000  0.000000  0.000000  0.000000  0.000000  0.000000  0.000000  
0.502100  -0.264978  143.229798  -78.677232  13.540854  -4.301897  0.000000  0.000000  0.000000  0.000000  0.000000  0.000000  0.000000  0.000000  0.000000  0.000000  0.000000  0.000000  0.000000  0.000000  
0.077912  0.487956  -60.001644  -15.601964  7.385382  26.952408  -29.670242  -27.701324  -50.387671  -11.952837  -39.378926  -31.444722  -27.795540  -26.121532  -27.255562  -26.326627  -222.354401  -17.949306  -31.230688  -27.145678  
0.633990  -0.418217  215.346584  -137.959879  -35.102394  88.666380  -85.570629  -79.542709  -137.298313  -60.723863  -97.911616  -78.328194  -86.391805  -93.928391  -93.133879  -89.606499  250.697263  -130.059369  -90.258796  -92.123777  
0.025762  0.313376  -108.370064  21.731344  33.095300  10.589848  -17.808941  -14.885137  -46.720460  3.241006  -9.081816  -19.216225  -14.862679  -14.524601  -9.975738  -12.592947  -279.910606  19.561988  -11.902216  -25.422145  
0.114730  0.199945  -73.643234  47.389272  35.258508  -24.585437  11.863417  17.232497  40.970311  41.629353  26.077701  14.489912  18.796141  22.157684  28.295235  29.211188  -382.319562  60.411143  23.589381  24.468821  
0.163470  0.288434  -5.237800  -61.772678  23.476315  29.210735  -27.126101  -28.327907  -60.834173  -21.324451  -38.519442  -33.056035  -33.517318  -31.604688  -32.436733  -27.775196  -194.865523  -38.628511  -28.341305  -36.358448  
0.731040  0.144394  249.499703  -247.240466  102.143437  -25.328410  16.233701  14.654691  61.917012  -1.131594  28.897581  13.852807  19.739310  26.266534  26.676663  14.277042  -368.586111  23.200137  25.445204  19.972234  
0.254250  0.559040  42.793463  -85.637659  10.581624  -7.510353  3.630106  9.721122  10.148515  -21.365346  -3.307842  6.093841  2.379505  6.020445  11.961859  9.537712  19.017968  28.631811  3.726537  6.579273  
0.464600  0.039840  -56.305128  62.587112  16.949399  -38.505294  36.106946  37.379075  40.418320  46.273639  34.036855  32.658984  36.446745  36.794316  37.452296  33.916541  -168.819260  31.415536  36.312368  34.907210  
0.754560  -0.437463  85.590024  -21.522228  28.524677  1.012004  -0.521042  -3.434904  15.394575  14.444254  -6.603506  -1.556923  0.338908  -4.142168  -1.864437  -3.372048  -118.511076  -32.136214  -4.997120  -7.020315  
0.588920  -0.364646  247.066819  -178.710392  -12.612231  69.101340  -63.859743  -64.572579  -84.154064  -45.523984  -67.637963  -62.100392  -66.858637  -79.931315  -76.139462  -68.422766  127.882019  -118.354769  -70.368458  -65.959210  
0.339650  0.427551  -66.469644  57.344502  19.887220  -64.804147  56.705043  63.829507  74.743851  52.728655  68.115301  56.373179  57.380958  70.538713  67.771802  69.869505  -211.101086  80.868730  60.477186  65.785205  
0.367420  -0.163538  -91.898060  107.944367  17.278363  -23.545267  16.695685  15.203466  20.151814  50.533665  28.573898  15.721795  20.035213  18.319918  21.008378  26.590928  -229.233642  31.447132  23.531218  21.500392  
0.067862  0.541073  23.478093  -111.622225  49.417739  25.854693  -34.184276  -29.764250  -48.974095  -32.472254  -32.394953  -35.776107  -32.872924  -24.333837  -29.210793  -22.835840  -226.937836  -8.007164  -28.743291  -32.692894  
0.173800  0.139606  -216.585087  166.070472  4.878120  6.977283  -8.498834  -8.140847  -29.694097  27.749094  -10.095787  -8.538411  -8.512089  -7.995550  -3.645360  -6.957319  -83.827604  -10.797358  -7.197725  -15.972225  

0.501810  0.000000  0.000000  0.000000  0.000000  0.000000  0.000000  0.000000  0.000000  0.000000  0.000000  0.000000  0.000000  0.000000  0.000000  0.000000  0.000000  0.000000  0.000000  0.000000  
0.398620  0.322020  0.000000  0.000000  0.000000  0.000000  0.000000  0.000000  0.000000  0.000000  0.000000  0.000000  0.000000  0.000000  0.000000  0.000000  0.000000  0.000000  0.000000  0.000000  
0.795100  -0.543803  121.957150  0.000000  0.000000  0.000000  0.000000  0.000000  0.000000  0.000000  0.000000  0.000000  0.000000  0.000000  0.000000  0.000000  0.000000  0.000000  0.000000  0.000000  
0.780460  -0.439626  272.892122  -148.029581  0.000000  0.000000  0.000000  0.000000  0.000000  0.000000  0.000000  0.000000  0.000000  0.000000  0.000000  0.000000  0.000000  0.000000  0.000000  0.000000  
0.581050  0.052464  171.610399  -165.293626  44.400158  0.000000  0.000000  0.000000  0.000000  0.000000  0.000000  0.000000  0.000000  0.000000  0.000000  0.000000  0.000000  0.000000  0.000000  0.000000  
0.502100  -0.264978  143.229798  -78.677232  13.540854  -4.301897  0.000000  0.000000  0.000000  0.000000  0.000000  0.000000  0.000000  0.000000  0.000000  0.000000  0.000000  0.000000  0.000000  0.000000  
0.077912  0.487956  -60.001644  -15.601964  7.385382  26.952408  -29.670242  0.000000  0.000000  0.000000  0.000000  0.000000  0.000000  0.000000  0.000000  0.000000  0.000000  0.000000  0.000000  0.000000  
0.633990  -0.418217  215.346584  -137.959879  -35.102394  88.666380  -85.570629  0.374288  4.723982  -65.162768  11.798648  11.662628  -6.647971  -21.118297  -15.814357  -15.416350  119.022850  -129.417792  -0.178376  -15.120715  
0.025762  0.313376  -108.370064  21.731344  33.095300  10.589848  -17.808941  1.865818  -9.701903  25.854013  10.966203  -0.322879  1.943831  1.311117  6.949412  3.616626  -19.541412  50.144950  6.501421  -9.977479  
0.114730  0.199945  -73.643234  47.389272  35.258508  -24.585437  11.863417  6.593908  12.261513  91.472133  7.784953  1.808804  8.200451  13.304474  18.938607  21.057739  -62.878886  87.996333  10.547317  14.881019  
0.163470  0.288434  -5.237800  -61.772678  23.476315  29.210735  -27.126101  -3.215259  -8.695452  -25.807075  -1.896559  -4.064525  -8.651830  -8.772205  -8.184333  -4.176685  1.123885  -36.726912  0.200873  -12.613705  
0.731040  0.144394  249.499703  -247.240466  102.143437  -25.328410  16.233701  -0.537404  20.225471  -19.042629  5.539321  -3.162631  4.836950  13.601243  12.806356  -0.143402  -65.416623  22.116177  7.940130  5.595962  
0.254250  0.559040  42.793463  -85.637659  10.581624  -7.510353  3.630106  6.781962  2.345739  -56.664796  -6.122416  2.119849  -1.090112  3.208240  9.391503  7.118945  -1.092410  43.698340  -0.089766  3.561044  
0.464600  0.039840  -56.305128  62.587112  16.949399  -38.505294  36.106946  3.928909  -12.307050  78.757006  -10.461713  -5.290964  2.797991  5.686020  4.663400  2.117168  -58.633635  15.823002  -1.608930  2.046655  
0.754560  -0.437463  85.590024  -21.522228  28.524677  1.012004  -0.521042  -3.158004  9.585973  36.375669  -4.454402  -0.948022  0.882807  -4.183856  -1.508574  -3.279273  -15.292688  -52.600191  -4.226397  -7.152167  
0.588920  -0.364646  247.066819  -178.710392  -12.612231  69.101340  -63.859743  -5.302441  14.306520  -49.143358  12.897592  5.263782  -7.508253  -26.930550  -19.025222  -13.253062  80.923900  -131.780948  -2.992746  -8.233714  
0.339650  0.427551  -66.469644  57.344502  19.887220  -64.804147  56.705043  11.661254  -12.692924  74.182040  -5.383240  -3.513100  4.546039  23.416626  17.070937  22.038243  -84.873680  76.971145  0.750392  15.198226  
0.367420  -0.163538  -91.898060  107.944367  17.278363  -23.545267  16.695685  -0.411607  -4.829505  108.742827  4.833457  -1.861098  4.690826  4.113064  6.173911  13.272425  -47.283871  35.286493  5.659792  6.804257  
0.067862  0.541073  23.478093  -111.622225  49.417739  25.854693  -34.184276  2.304482  5.346403  -46.420826  9.776142  0.427076  -0.905799  6.544594  2.385581  8.448169  3.902436  20.948417  6.877148  -1.549076  
0.173800  0.139606  -216.585087  166.070472  4.878120  6.977283  -8.498834  -0.220637  -8.986218  77.379749  0.892114  0.442260  -0.587363  -0.582942  4.530516  0.657900  -2.686847  -9.349222  1.660744  -8.958818  

0.501810  0.000000  0.000000  0.000000  0.000000  0.000000  0.000000  0.000000  0.000000  0.000000  0.000000  0.000000  0.000000  0.000000  0.000000  0.000000  0.000000  0.000000  0.000000  0.000000  
0.398620  0.322020  0.000000  0.000000  0.000000  0.000000  0.000000  0.000000  0.000000  0.000000  0.000000  0.000000  0.000000  0.000000  0.000000  0.000000  0.000000  0.000000  0.000000  0.000000  
0.795100  -0.543803  121.957150  0.000000  0.000000  0.000000  0.000000  0.000000  0.000000  0.000000  0.000000  0.000000  0.000000  0.000000  0.000000  0.000000  0.000000  0.000000  0.000000  0.000000  
0.780460  -0.439626  272.892122  -148.029581  0.000000  0.000000  0.000000  0.000000  0.000000  0.000000  0.000000  0.000000  0.000000  0.000000  0.000000  0.000000  0.000000  0.000000  0.000000  0.000000  
0.581050  0.052464  171.610399  -165.293626  44.400158  0.000000  0.000000  0.000000  0.000000  0.000000  0.000000  0.000000  0.000000  0.000000  0.000000  0.000000  0.000000  0.000000  0.000000  0.000000  
0.502100  -0.264978  143.229798  -78.677232  13.540854  -4.301897  0.000000  0.000000  0.000000  0.000000  0.000000  0.000000  0.000000  0.000000  0.000000  0.000000  0.000000  0.000000  0.000000  0.000000  
0.077912  0.487956  -60.001644  -15.601964  7.385382  26.952408  -29.670242  0.000000  0.000000  0.000000  0.000000  0.000000  0.000000  0.000000  0.000000  0.000000  0.000000  0.000000  0.000000  0.000000  
0.633990  -0.418217  215.346584  -137.959879  -35.102394  88.666380  -85.570629  0.374288  0.000000  0.000000  0.000000  0.000000  0.000000  0.000000  0.000000  0.000000  0.000000  0.000000  0.000000  0.000000  
0.025762  0.313376  -108.370064  21.731344  33.095300  10.589848  -17.808941  1.865818  -2.634515  -2.014321  -1.517937  -1.876180  -1.975258  -1.889056  -2.030294  -1.953625  -1.927269  -2.010842  -15.507842  -1.618842  
0.114730  0.199945  -73.643234  47.389272  35.258508  -24.585437  11.863417  6.593908  -5.622410  -7.119315  -6.346946  -6.535858  -7.055603  -6.829709  -7.042140  -7.105162  -6.791642  -6.848402  -28.725493  -6.962263  
0.163470  0.288434  -5.237800  -61.772678  23.476315  29.210735  -27.126101  -3.215259  2.526305  3.363492  3.155095  3.084817  3.702367  3.370733  3.408963  3.316663  3.218793  3.321477  2.793765  3.527491  
0.731040  0.144394  249.499703  -247.240466  102.143437  -25.328410  16.233701  -0.537404  2.139898  0.646783  0.713127  0.435905  0.265078  0.296343  0.234308  0.540885  0.331690  0.473442  -16.123484  0.398885  
0.254250  0.559040  42.793463  -85.637659  10.581624  -7.510353  3.630106  6.781962  -6.596105  -6.456485  -6.976183  -6.713929  -6.720587  -6.838822  -7.004236  -6.954800  -6.785397  -6.908341  -6.593604  -6.870109  
0.464600  0.039840  -56.305128  62.587112  16.949399  -38.505294  36.106946  3.928909  -4.904015  -4.381281  -4.260786  -4.098712  -4.086439  -4.029685  -4.039281  -3.980311  -4.113293  -3.974671  -0.552868  -3.979571  
0.754560  -0.437463  85.590024  -21.522228  28.524677  1.012004  -0.521042  -3.158004  3.917515  2.949066  3.016697  3.127579  3.108301  3.232156  3.193708  3.237620  3.109913  3.310129  12.026313  3.335044  
0.588920  -0.364646  247.066819  -178.710392  -12.612231  69.101340  -63.859743  -5.302441  6.435968  5.584716  5.711591  5.471371  5.725164  5.779742  5.752723  5.624208  5.556921  5.683564  11.582163  5.506253  
0.339650  0.427551  -66.469644  57.344502  19.887220  -64.804147  56.705043  11.661254  -12.666933  -12.087348  -11.832026  -11.773999  -11.917201  -12.076276  -12.065282  -12.196313  -11.928154  -11.883861  -13.235813  -12.037461  
0.367420  -0.163538  -91.898060  107.944367  17.278363  -23.545267  16.695685  -0.411607  0.028958  -0.213001  0.564939  0.351879  0.147508  0.338710  0.265485  0.089370  0.262915  0.309555  -11.464415  0.243179  
0.067862  0.541073  23.478093  -111.622225  49.417739  25.854693  -34.184276  2.304482  -1.880878  -2.037846  -1.994354  -2.290776  -2.253485  -2.420475  -2.360943  -2.509592  -2.292210  -2.365067  -16.734899  -2.266137  
0.173800  0.139606  -216.585087  166.070472  4.878120  6.977283  -8.498834  -0.220637  -0.491354  -0.223824  0.248938  0.234831  0.253706  0.230969  0.113411  0.204664  0.212188  0.247676  -3.264126  0.442398  

0.501810  0.000000  0.000000  0.000000  0.000000  0.000000  0.000000  0.000000  0.000000  0.000000  0.000000  0.000000  0.000000  0.000000  0.000000  0.000000  0.000000  0.000000  0.000000  0.000000  
0.398620  0.322020  0.000000  0.000000  0.000000  0.000000  0.000000  0.000000  0.000000  0.000000  0.000000  0.000000  0.000000  0.000000  0.000000  0.000000  0.000000  0.000000  0.000000  0.000000  
0.795100  -0.543803  121.957150  0.000000  0.000000  0.000000  0.000000  0.000000  0.000000  0.000000  0.000000  0.000000  0.000000  0.000000  0.000000  0.000000  0.000000  0.000000  0.000000  0.000000  
0.780460  -0.439626  272.892122  -148.029581  0.000000  0.000000  0.000000  0.000000  0.000000  0.000000  0.000000  0.000000  0.000000  0.000000  0.000000  0.000000  0.000000  0.000000  0.000000  0.000000  
0.581050  0.052464  171.610399  -165.293626  44.400158  0.000000  0.000000  0.000000  0.000000  0.000000  0.000000  0.000000  0.000000  0.000000  0.000000  0.000000  0.000000  0.000000  0.000000  0.000000  
0.502100  -0.264978  143.229798  -78.677232  13.540854  -4.301897  0.000000  0.000000  0.000000  0.000000  0.000000  0.000000  0.000000  0.000000  0.000000  0.000000  0.000000  0.000000  0.000000  0.000000  
0.077912  0.487956  -60.001644  -15.601964  7.385382  26.952408  -29.670242  0.000000  0.000000  0.000000  0.000000  0.000000  0.000000  0.000000  0.000000  0.000000  0.000000  0.000000  0.000000  0.000000  
0.633990  -0.418217  215.346584  -137.959879  -35.102394  88.666380  -85.570629  0.374288  0.000000  0.000000  0.000000  0.000000  0.000000  0.000000  0.000000  0.000000  0.000000  0.000000  0.000000  0.000000  
0.025762  0.313376  -108.370064  21.731344  33.095300  10.589848  -17.808941  1.865818  -2.634515  0.000000  0.000000  0.000000  0.000000  0.000000  0.000000  0.000000  0.000000  0.000000  0.000000  0.000000  
0.114730  0.199945  -73.643234  47.389272  35.258508  -24.585437  11.863417  6.593908  -5.622410  -3.688886  -5.393276  -3.555180  -3.788051  -3.902438  -3.515488  -3.959087  -3.661543  -3.350057  0.742445  -5.708024  
0.163470  0.288434  -5.237800  -61.772678  23.476315  29.210735  -27.126101  -3.215259  2.526305  1.872780  2.949640  1.805365  2.411753  2.174585  1.897173  1.946302  1.873680  1.825344  -2.051693  3.214356  
0.731040  0.144394  249.499703  -247.240466  102.143437  -25.328410  16.233701  -0.537404  2.139898  -1.293976  -0.902203  -1.527804  -1.786349  -1.726612  -1.835860  -1.410500  -1.686489  -1.519616  -4.879000  -1.490750  
0.254250  0.559040  42.793463  -85.637659  10.581624  -7.510353  3.630106  6.781962  -6.596105  -1.848281  -5.511676  -2.831531  -2.367526  -2.941453  -2.492608  -2.782625  -2.679311  -2.454892  5.475966  -4.584357  
0.464600  0.039840  -56.305128  62.587112  16.949399  -38.505294  36.106946  3.928909  -4.904015  -0.826228  -2.490955  -0.851357  -0.546302  -0.715863  -0.337365  -0.463539  -0.718722  -0.303419  4.810093  -1.572365  
0.754560  -0.437463  85.590024  -21.522228  28.524677  1.012004  -0.521042  -3.158004  3.917515  -0.060455  1.318229  0.474202  0.228204  0.590114  0.226648  0.448501  0.333635  0.419266  -1.874452  1.509958  
0.588920  -0.364646  247.066819  -178.710392  -12.612231  69.101340  -63.859743  -5.302441  6.435968  0.868237  3.477003  1.246880  1.200011  1.624575  1.028779  1.148423  1.160161  1.010381  -4.468359  2.524945  
0.339650  0.427551  -66.469644  57.344502  19.887220  -64.804147  56.705043  11.661254  -12.666933  -3.142014  -7.868593  -3.866005  -3.227719  -4.174882  -2.989006  -3.780115  -3.638464  -2.902767  10.418397  -6.922911  
0.367420  -0.163538  -91.898060  107.944367  17.278363  -23.545267  16.695685  -0.411607  0.028958  -0.307540  0.951543  0.465147  0.167782  0.443413  0.315536  0.091560  0.330438  0.376607  -1.976564  0.366793  
0.067862  0.541073  23.478093  -111.622225  49.417739  25.854693  -34.184276  2.304482  -1.880878  -0.784404  -1.580499  -1.335807  -1.124723  -1.494764  -1.182687  -1.503373  -1.252498  -1.217726  -0.962092  -1.807049  
0.173800  0.139606  -216.585087  166.070472  4.878120  6.977283  -8.498834  -0.220637  -0.491354  0.198617  0.923408  0.821101  0.829737  0.813468  0.638516  0.767350  0.781408  0.815848  -0.063164  1.211316  

0.501810  0.000000  0.000000  0.000000  0.000000  0.000000  0.000000  0.000000  0.000000  0.000000  0.000000  0.000000  0.000000  0.000000  0.000000  0.000000  0.000000  0.000000  0.000000  0.000000  
0.398620  0.322020  0.000000  0.000000  0.000000  0.000000  0.000000  0.000000  0.000000  0.000000  0.000000  0.000000  0.000000  0.000000  0.000000  0.000000  0.000000  0.000000  0.000000  0.000000  
0.795100  -0.543803  121.957150  0.000000  0.000000  0.000000  0.000000  0.000000  0.000000  0.000000  0.000000  0.000000  0.000000  0.000000  0.000000  0.000000  0.000000  0.000000  0.000000  0.000000  
0.780460  -0.439626  272.892122  -148.029581  0.000000  0.000000  0.000000  0.000000  0.000000  0.000000  0.000000  0.000000  0.000000  0.000000  0.000000  0.000000  0.000000  0.000000  0.000000  0.000000  
0.581050  0.052464  171.610399  -165.293626  44.400158  0.000000  0.000000  0.000000  0.000000  0.000000  0.000000  0.000000  0.000000  0.000000  0.000000  0.000000  0.000000  0.000000  0.000000  0.000000  
0.502100  -0.264978  143.229798  -78.677232  13.540854  -4.301897  0.000000  0.000000  0.000000  0.000000  0.000000  0.000000  0.000000  0.000000  0.000000  0.000000  0.000000  0.000000  0.000000  0.000000  
0.077912  0.487956  -60.001644  -15.601964  7.385382  26.952408  -29.670242  0.000000  0.000000  0.000000  0.000000  0.000000  0.000000  0.000000  0.000000  0.000000  0.000000  0.000000  0.000000  0.000000  
0.633990  -0.418217  215.346584  -137.959879  -35.102394  88.666380  -85.570629  0.374288  0.000000  0.000000  0.000000  0.000000  0.000000  0.000000  0.000000  0.000000  0.000000  0.000000  0.000000  0.000000  
0.025762  0.313376  -108.370064  21.731344  33.095300  10.589848  -17.808941  1.865818  -2.634515  0.000000  0.000000  0.000000  0.000000  0.000000  0.000000  0.000000  0.000000  0.000000  0.000000  0.000000  
0.114730  0.199945  -73.643234  47.389272  35.258508  -24.585437  11.863417  6.593908  -5.622410  -3.688886  0.000000  0.000000  0.000000  0.000000  0.000000  0.000000  0.000000  0.000000  0.000000  0.000000  
0.163470  0.288434  -5.237800  -61.772678  23.476315  29.210735  -27.126101  -3.215259  2.526305  1.872780  0.144711  0.000482  0.475838  0.182806  0.117969  -0.059310  0.014892  0.137181  8.321196  0.204540  
0.731040  0.144394  249.499703  -247.240466  102.143437  -25.328410  16.233701  -0.537404  2.139898  -1.293976  0.676889  -0.291286  -0.445609  -0.338151  -0.632436  -0.020259  -0.405107  -0.379336  25.535617  0.330559  
0.254250  0.559040  42.793463  -85.637659  10.581624  -7.510353  3.630106  6.781962  -6.596105  -1.848281  -1.921589  -1.089740  -0.457267  -0.932208  -0.767273  -0.744435  -0.851038  -0.854902  -25.359425  -1.114421  
0.464600  0.039840  -56.305128  62.587112  16.949399  -38.505294  36.106946  3.928909  -4.904015  -0.826228  -0.877532  -0.057147  0.294227  0.149539  0.472223  0.394325  0.102139  0.492121  -23.073042  -0.189933  
0.754560  -0.437463  85.590024  -21.522228  28.524677  1.012004  -0.521042  -3.158004  3.917515  -0.060455  0.962096  0.552491  0.282685  0.618277  0.298283  0.478346  0.396582  0.522126  9.373798  1.036285  
0.588920  -0.364646  247.066819  -178.710392  -12.612231  69.101340  -63.859743  -5.302441  6.435968  0.868237  1.509959  0.425536  0.300359  0.667437  0.211285  0.201808  0.300587  0.244335  21.333106  0.763542  
0.339650  0.427551  -66.469644  57.344502  19.887220  -64.804147  56.705043  11.661254  -12.666933  -3.142014  -2.239936  -0.869386  -0.001208  -0.804407  0.005578  -0.380114  -0.523621  -0.054341  -48.622498  -1.332009  
0.367420  -0.163538  -91.898060  107.944367  17.278363  -23.545267  16.695685  -0.411607  0.028958  -0.307540  0.958375  0.790180  0.470930  0.726688  0.638640  0.392851  0.640445  0.722238  10.128234  0.544585  
0.067862  0.541073  23.478093  -111.622225  49.417739  25.854693  -34.184276  2.304482  -1.880878  -0.784404  -0.296624  -0.601642  -0.310875  -0.628562  -0.456618  -0.616366  -0.477447  -0.556484  5.564622  -0.383425  
0.173800  0.139606  -216.585087  166.070472  4.878120  6.977283  -8.498834  -0.220637  -0.491354  0.198617  0.432975  0.653365  0.609399  0.570337  0.471394  0.516363  0.588627  0.699748  0.115220  0.584212  

0.501810  0.000000  0.000000  0.000000  0.000000  0.000000  0.000000  0.000000  0.000000  0.000000  0.000000  0.000000  0.000000  0.000000  0.000000  0.000000  0.000000  0.000000  0.000000  0.000000  
0.398620  0.322020  0.000000  0.000000  0.000000  0.000000  0.000000  0.000000  0.000000  0.000000  0.000000  0.000000  0.000000  0.000000  0.000000  0.000000  0.000000  0.000000  0.000000  0.000000  
0.795100  -0.543803  121.957150  0.000000  0.000000  0.000000  0.000000  0.000000  0.000000  0.000000  0.000000  0.000000  0.000000  0.000000  0.000000  0.000000  0.000000  0.000000  0.000000  0.000000  
0.780460  -0.439626  272.892122  -148.029581  0.000000  0.000000  0.000000  0.000000  0.000000  0.000000  0.000000  0.000000  0.000000  0.000000  0.000000  0.000000  0.000000  0.000000  0.000000  0.000000  
0.581050  0.052464  171.610399  -165.293626  44.400158  0.000000  0.000000  0.000000  0.000000  0.000000  0.000000  0.000000  0.000000  0.000000  0.000000  0.000000  0.000000  0.000000  0.000000  0.000000  
0.502100  -0.264978  143.229798  -78.677232  13.540854  -4.301897  0.000000  0.000000  0.000000  0.000000  0.000000  0.000000  0.000000  0.000000  0.000000  0.000000  0.000000  0.000000  0.000000  0.000000  
0.077912  0.487956  -60.001644  -15.601964  7.385382  26.952408  -29.670242  0.000000  0.000000  0.000000  0.000000  0.000000  0.000000  0.000000  0.000000  0.000000  0.000000  0.000000  0.000000  0.000000  
0.633990  -0.418217  215.346584  -137.959879  -35.102394  88.666380  -85.570629  0.374288  0.000000  0.000000  0.000000  0.000000  0.000000  0.000000  0.000000  0.000000  0.000000  0.000000  0.000000  0.000000  
0.025762  0.313376  -108.370064  21.731344  33.095300  10.589848  -17.808941  1.865818  -2.634515  0.000000  0.000000  0.000000  0.000000  0.000000  0.000000  0.000000  0.000000  0.000000  0.000000  0.000000  
0.114730  0.199945  -73.643234  47.389272  35.258508  -24.585437  11.863417  6.593908  -5.622410  -3.688886  0.000000  0.000000  0.000000  0.000000  0.000000  0.000000  0.000000  0.000000  0.000000  0.000000  
0.163470  0.288434  -5.237800  -61.772678  23.476315  29.210735  -27.126101  -3.215259  2.526305  1.872780  0.144711  0.000000  0.000000  0.000000  0.000000  0.000000  0.000000  0.000000  0.000000  0.000000  
0.731040  0.144394  249.499703  -247.240466  102.143437  -25.328410  16.233701  -0.537404  2.139898  -1.293976  0.676889  -88.086166  -0.812407  -0.944572  -1.452688  -0.627457  -4.613398  -1.077046  -0.232807  -0.443020  
0.254250  0.559040  42.793463  -85.637659  10.581624  -7.510353  3.630106  6.781962  -6.596105  -1.848281  -1.921589  -325.088049  1.782525  1.183644  0.980387  3.737959  -6.348126  1.019761  1.480571  1.133143  
0.464600  0.039840  -56.305128  62.587112  16.949399  -38.505294  36.106946  3.928909  -4.904015  -0.826228  -0.877532  -16.271232  0.967012  0.995908  1.456800  -0.084594  1.870039  1.396665  0.476276  0.743155  
0.754560  -0.437463  85.590024  -21.522228  28.524677  1.012004  -0.521042  -3.158004  3.917515  -0.060455  0.962096  164.829593  -0.876126  -0.472662  -0.596197  -2.129228  2.891568  -0.411310  -0.799079  -0.228930  
0.588920  -0.364646  247.066819  -178.710392  -12.612231  69.101340  -63.859743  -5.302441  6.435968  0.868237  1.509959  126.184965  -1.418614  -0.981609  -1.250779  -2.002356  1.410907  -1.252212  -1.138961  -0.969757  
0.339650  0.427551  -66.469644  57.344502  19.887220  -64.804147  56.705043  11.661254  -12.666933  -3.142014  -2.239936  -258.645862  2.239569  1.603160  2.246779  3.167388  -2.848192  2.182612  1.394358  1.297548  
0.367420  -0.163538  -91.898060  107.944367  17.278363  -23.545267  16.695685  -0.411607  0.028958  -0.307540  0.958375  236.159236  -0.815156  -0.383122  -0.174966  -1.916905  5.264961  -0.196494  -0.782238  -0.573085  
0.067862  0.541073  23.478093  -111.622225  49.417739  25.854693  -34.184276  2.304482  -1.880878  -0.784404  -0.296624  -180.244175  0.202080  -0.200952  -0.263502  1.800514  -4.342831  -0.290406  0.393396  0.025353  
0.173800  0.139606  -216.585087  166.070472  4.878120  6.977283  -8.498834  -0.220637  -0.491354  0.198617  0.432975  195.629128  -0.247645  0.018509  0.145277  -1.692864  5.286836  0.305182  -0.430971  -0.019648  

0.501810  0.000000  0.000000  0.000000  0.000000  0.000000  0.000000  0.000000  0.000000  0.000000  0.000000  0.000000  0.000000  0.000000  0.000000  0.000000  0.000000  0.000000  0.000000  0.000000  
0.398620  0.322020  0.000000  0.000000  0.000000  0.000000  0.000000  0.000000  0.000000  0.000000  0.000000  0.000000  0.000000  0.000000  0.000000  0.000000  0.000000  0.000000  0.000000  0.000000  
0.795100  -0.543803  121.957150  0.000000  0.000000  0.000000  0.000000  0.000000  0.000000  0.000000  0.000000  0.000000  0.000000  0.000000  0.000000  0.000000  0.000000  0.000000  0.000000  0.000000  
0.780460  -0.439626  272.892122  -148.029581  0.000000  0.000000  0.000000  0.000000  0.000000  0.000000  0.000000  0.000000  0.000000  0.000000  0.000000  0.000000  0.000000  0.000000  0.000000  0.000000  
0.581050  0.052464  171.610399  -165.293626  44.400158  0.000000  0.000000  0.000000  0.000000  0.000000  0.000000  0.000000  0.000000  0.000000  0.000000  0.000000  0.000000  0.000000  0.000000  0.000000  
0.502100  -0.264978  143.229798  -78.677232  13.540854  -4.301897  0.000000  0.000000  0.000000  0.000000  0.000000  0.000000  0.000000  0.000000  0.000000  0.000000  0.000000  0.000000  0.000000  0.000000  
0.077912  0.487956  -60.001644  -15.601964  7.385382  26.952408  -29.670242  0.000000  0.000000  0.000000  0.000000  0.000000  0.000000  0.000000  0.000000  0.000000  0.000000  0.000000  0.000000  0.000000  
0.633990  -0.418217  215.346584  -137.959879  -35.102394  88.666380  -85.570629  0.374288  0.000000  0.000000  0.000000  0.000000  0.000000  0.000000  0.000000  0.000000  0.000000  0.000000  0.000000  0.000000  
0.025762  0.313376  -108.370064  21.731344  33.095300  10.589848  -17.808941  1.865818  -2.634515  0.000000  0.000000  0.000000  0.000000  0.000000  0.000000  0.000000  0.000000  0.000000  0.000000  0.000000  
0.114730  0.199945  -73.643234  47.389272  35.258508  -24.585437  11.863417  6.593908  -5.622410  -3.688886  0.000000  0.000000  0.000000  0.000000  0.000000  0.000000  0.000000  0.000000  0.000000  0.000000  
0.163470  0.288434  -5.237800  -61.772678  23.476315  29.210735  -27.126101  -3.215259  2.526305  1.872780  0.144711  0.000000  0.000000  0.000000  0.000000  0.000000  0.000000  0.000000  0.000000  0.000000  
0.731040  0.144394  249.499703  -247.240466  102.143437  -25.328410  16.233701  -0.537404  2.139898  -1.293976  0.676889  -88.086166  0.000000  0.000000  0.000000  0.000000  0.000000  0.000000  0.000000  0.000000  
0.254250  0.559040  42.793463  -85.637659  10.581624  -7.510353  3.630106  6.781962  -6.596105  -1.848281  -1.921589  -325.088049  518.360387  435.468850  384.535458  849.844810  203.879767  408.489125  885.284176  550.391934  
0.464600  0.039840  -56.305128  62.587112  16.949399  -38.505294  36.106946  3.928909  -4.904015  -0.826228  -0.877532  -16.271232  121.120623  109.144731  104.606759  4.395376  51.976926  130.497406  196.477423  164.033524  
0.754560  -0.437463  85.590024  -21.522228  28.524677  1.012004  -0.521042  -3.158004  3.917515  -0.060455  0.962096  164.829593  -259.824561  -208.907718  -200.981012  -463.743244  -109.619277  -198.468537  -467.173007  -210.347962  
0.588920  -0.364646  247.066819  -178.710392  -12.612231  69.101340  -63.859743  -5.302441  6.435968  0.868237  1.509959  126.184965  -279.999790  -217.724984  -202.028036  -407.287582  -99.245727  -228.597057  -557.127946  -319.002760  
0.339650  0.427551  -66.469644  57.344502  19.887220  -64.804147  56.705043  11.661254  -12.666933  -3.142014  -2.239936  -258.645862  501.473689  408.148654  394.883091  703.302511  204.263755  437.150629  786.222055  516.638605  
0.367420  -0.163538  -91.898060  107.944367  17.278363  -23.545267  16.695685  -0.411607  0.028958  -0.307540  0.958375  236.159236  -324.543512  -271.887284  -246.768600  -505.265739  -135.632409  -252.229463  -532.130701  -350.106207  
0.067862  0.541073  23.478093  -111.622225  49.417739  25.854693  -34.184276  2.304482  -1.880878  -0.784404  -0.296624  -180.244175  202.154984  161.504349  164.266264  433.011035  97.324093  156.493365  329.091431  185.285040  
0.173800  0.139606  -216.585087  166.070472  4.878120  6.977283  -8.498834  -0.220637  -0.491354  0.198617  0.432975  195.629128  -222.480310  -193.903059  -186.820033  -433.283402  -94.684641  -170.669833  -358.693409  -199.535760  

0.501810  0.000000  0.000000  0.000000  0.000000  0.000000  0.000000  0.000000  0.000000  0.000000  0.000000  0.000000  0.000000  0.000000  0.000000  0.000000  0.000000  0.000000  0.000000  0.000000  
0.398620  0.322020  0.000000  0.000000  0.000000  0.000000  0.000000  0.000000  0.000000  0.000000  0.000000  0.000000  0.000000  0.000000  0.000000  0.000000  0.000000  0.000000  0.000000  0.000000  
0.795100  -0.543803  121.957150  0.000000  0.000000  0.000000  0.000000  0.000000  0.000000  0.000000  0.000000  0.000000  0.000000  0.000000  0.000000  0.000000  0.000000  0.000000  0.000000  0.000000  
0.780460  -0.439626  272.892122  -148.029581  0.000000  0.000000  0.000000  0.000000  0.000000  0.000000  0.000000  0.000000  0.000000  0.000000  0.000000  0.000000  0.000000  0.000000  0.000000  0.000000  
0.581050  0.052464  171.610399  -165.293626  44.400158  0.000000  0.000000  0.000000  0.000000  0.000000  0.000000  0.000000  0.000000  0.000000  0.000000  0.000000  0.000000  0.000000  0.000000  0.000000  
0.502100  -0.264978  143.229798  -78.677232  13.540854  -4.301897  0.000000  0.000000  0.000000  0.000000  0.000000  0.000000  0.000000  0.000000  0.000000  0.000000  0.000000  0.000000  0.000000  0.000000  
0.077912  0.487956  -60.001644  -15.601964  7.385382  26.952408  -29.670242  0.000000  0.000000  0.000000  0.000000  0.000000  0.000000  0.000000  0.000000  0.000000  0.000000  0.000000  0.000000  0.000000  
0.633990  -0.418217  215.346584  -137.959879  -35.102394  88.666380  -85.570629  0.374288  0.000000  0.000000  0.000000  0.000000  0.000000  0.000000  0.000000  0.000000  0.000000  0.000000  0.000000  0.000000  
0.025762  0.313376  -108.370064  21.731344  33.095300  10.589848  -17.808941  1.865818  -2.634515  0.000000  0.000000  0.000000  0.000000  0.000000  0.000000  0.000000  0.000000  0.000000  0.000000  0.000000  
0.114730  0.199945  -73.643234  47.389272  35.258508  -24.585437  11.863417  6.593908  -5.622410  -3.688886  0.000000  0.000000  0.000000  0.000000  0.000000  0.000000  0.000000  0.000000  0.000000  0.000000  
0.163470  0.288434  -5.237800  -61.772678  23.476315  29.210735  -27.126101  -3.215259  2.526305  1.872780  0.144711  0.000000  0.000000  0.000000  0.000000  0.000000  0.000000  0.000000  0.000000  0.000000  
0.731040  0.144394  249.499703  -247.240466  102.143437  -25.328410  16.233701  -0.537404  2.139898  -1.293976  0.676889  -88.086166  0.000000  0.000000  0.000000  0.000000  0.000000  0.000000  0.000000  0.000000  
0.254250  0.559040  42.793463  -85.637659  10.581624  -7.510353  3.630106  6.781962  -6.596105  -1.848281  -1.921589  -325.088049  518.360387  0.000000  0.000000  0.000000  0.000000  0.000000  0.000000  0.000000  
0.464600  0.039840  -56.305128  62.587112  16.949399  -38.505294  36.106946  3.928909  -4.904015  -0.826228  -0.877532  -16.271232  121.120623  8.799819  19.891080  -118.439676  11.029712  44.476651  -6.077210  33.366526  
0.754560  -0.437463  85.590024  -21.522228  28.524677  1.012004  -0.521042  -3.158004  3.917515  -0.060455  0.962096  164.829593  -259.824561  11.151239  -11.101287  -23.034290  -18.880342  7.973970  -13.719219  61.718368  
0.588920  -0.364646  247.066819  -178.710392  -12.612231  69.101340  -63.859743  -5.302441  6.435968  0.868237  1.509959  126.184965  -279.999790  20.830835  7.662536  31.575906  27.669437  -10.082984  -46.215300  -20.437741  
0.339650  0.427551  -66.469644  57.344502  19.887220  -64.804147  56.705043  11.661254  -12.666933  -3.142014  -2.239936  -258.645862  501.473689  -15.633900  30.835483  -72.496355  17.862981  53.257282  -41.117140  -14.902265  
0.367420  -0.163538  -91.898060  107.944367  17.278363  -23.545267  16.695685  -0.411607  0.028958  -0.307540  0.958375  236.159236  -324.543512  0.902458  -8.104788  16.358135  -20.299280  4.471927  12.965057  -5.187317  
0.067862  0.541073  23.478093  -111.622225  49.417739  25.854693  -34.184276  2.304482  -1.880878  -0.784404  -0.296624  -180.244175  202.154984  -9.908266  19.278755  61.958846  45.289651  -3.569621  -9.462100  -27.653108  
0.173800  0.139606  -216.585087  166.070472  4.878120  6.977283  -8.498834  -0.220637  -0.491354  0.198617  0.432975  195.629128  -222.480310  -8.332216  -29.356296  -41.799650  -18.253570  5.905436  12.454581  34.557073  

0.501810  0.000000  0.000000  0.000000  0.000000  0.000000  0.000000  0.000000  0.000000  0.000000  0.000000  0.000000  0.000000  0.000000  0.000000  0.000000  0.000000  0.000000  0.000000  0.000000  
0.398620  0.322020  0.000000  0.000000  0.000000  0.000000  0.000000  0.000000  0.000000  0.000000  0.000000  0.000000  0.000000  0.000000  0.000000  0.000000  0.000000  0.000000  0.000000  0.000000  
0.795100  -0.543803  121.957150  0.000000  0.000000  0.000000  0.000000  0.000000  0.000000  0.000000  0.000000  0.000000  0.000000  0.000000  0.000000  0.000000  0.000000  0.000000  0.000000  0.000000  
0.780460  -0.439626  272.892122  -148.029581  0.000000  0.000000  0.000000  0.000000  0.000000  0.000000  0.000000  0.000000  0.000000  0.000000  0.000000  0.000000  0.000000  0.000000  0.000000  0.000000  
0.581050  0.052464  171.610399  -165.293626  44.400158  0.000000  0.000000  0.000000  0.000000  0.000000  0.000000  0.000000  0.000000  0.000000  0.000000  0.000000  0.000000  0.000000  0.000000  0.000000  
0.502100  -0.264978  143.229798  -78.677232  13.540854  -4.301897  0.000000  0.000000  0.000000  0.000000  0.000000  0.000000  0.000000  0.000000  0.000000  0.000000  0.000000  0.000000  0.000000  0.000000  
0.077912  0.487956  -60.001644  -15.601964  7.385382  26.952408  -29.670242  0.000000  0.000000  0.000000  0.000000  0.000000  0.000000  0.000000  0.000000  0.000000  0.000000  0.000000  0.000000  0.000000  
0.633990  -0.418217  215.346584  -137.959879  -35.102394  88.666380  -85.570629  0.374288  0.000000  0.000000  0.000000  0.000000  0.000000  0.000000  0.000000  0.000000  0.000000  0.000000  0.000000  0.000000  
0.025762  0.313376  -108.370064  21.731344  33.095300  10.589848  -17.808941  1.865818  -2.634515  0.000000  0.000000  0.000000  0.000000  0.000000  0.000000  0.000000  0.000000  0.000000  0.000000  0.000000  
0.114730  0.199945  -73.643234  47.389272  35.258508  -24.585437  11.863417  6.593908  -5.622410  -3.688886  0.000000  0.000000  0.000000  0.000000  0.000000  0.000000  0.000000  0.000000  0.000000  0.000000  
0.163470  0.288434  -5.237800  -61.772678  23.476315  29.210735  -27.126101  -3.215259  2.526305  1.872780  0.144711  0.000000  0.000000  0.000000  0.000000  0.000000  0.000000  0.000000  0.000000  0.000000  
0.731040  0.144394  249.499703  -247.240466  102.143437  -25.328410  16.233701  -0.537404  2.139898  -1.293976  0.676889  -88.086166  0.000000  0.000000  0.000000  0.000000  0.000000  0.000000  0.000000  0.000000  
0.254250  0.559040  42.793463  -85.637659  10.581624  -7.510353  3.630106  6.781962  -6.596105  -1.848281  -1.921589  -325.088049  518.360387  0.000000  0.000000  0.000000  0.000000  0.000000  0.000000  0.000000  
0.464600  0.039840  -56.305128  62.587112  16.949399  -38.505294  36.106946  3.928909  -4.904015  -0.826228  -0.877532  -16.271232  121.120623  8.799819  0.000000  0.000000  0.000000  0.000000  0.000000  0.000000  
0.754560  -0.437463  85.590024  -21.522228  28.524677  1.012004  -0.521042  -3.158004  3.917515  -0.060455  0.962096  164.829593  -259.824561  11.151239  -16.062451  -9.439840  -26.214514  -9.573569  8.714232  5.125865  
0.588920  -0.364646  247.066819  -178.710392  -12.612231  69.101340  -63.859743  -5.302441  6.435968  0.868237  1.509959  126.184965  -279.999790  20.830835  -17.440927  -23.176858  1.244631  -22.825779  46.089059  -26.220920  
0.339650  0.427551  -66.469644  57.344502  19.887220  -64.804147  56.705043  11.661254  -12.666933  -3.142014  -2.239936  -258.645862  501.473689  -15.633900  29.275525  21.020227  29.885496  26.170989  75.171643  11.703697  
0.367420  -0.163538  -91.898060  107.944367  17.278363  -23.545267  16.695685  -0.411607  0.028958  -0.307540  0.958375  236.159236  -324.543512  0.902458  -4.488018  -2.117833  -17.097802  -0.017676  -19.675900  -2.270519  
0.067862  0.541073  23.478093  -111.622225  49.417739  25.854693  -34.184276  2.304482  -1.880878  -0.784404  -0.296624  -180.244175  202.154984  -9.908266  18.437192  5.304855  46.041641  9.202008  23.609415  2.615259  
0.173800  0.139606  -216.585087  166.070472  4.878120  6.977283  -8.498834  -0.220637  -0.491354  0.198617  0.432975  195.629128  -222.480310  -8.332216  -4.655017  11.437842  -6.231003  9.500621  -9.702056  17.446019  

0.501810  0.000000  0.000000  0.000000  0.000000  0.000000  0.000000  0.000000  0.000000  0.000000  0.000000  0.000000  0.000000  0.000000  0.000000  0.000000  0.000000  0.000000  0.000000  0.000000  
0.398620  0.322020  0.000000  0.000000  0.000000  0.000000  0.000000  0.000000  0.000000  0.000000  0.000000  0.000000  0.000000  0.000000  0.000000  0.000000  0.000000  0.000000  0.000000  0.000000  
0.795100  -0.543803  121.957150  0.000000  0.000000  0.000000  0.000000  0.000000  0.000000  0.000000  0.000000  0.000000  0.000000  0.000000  0.000000  0.000000  0.000000  0.000000  0.000000  0.000000  
0.780460  -0.439626  272.892122  -148.029581  0.000000  0.000000  0.000000  0.000000  0.000000  0.000000  0.000000  0.000000  0.000000  0.000000  0.000000  0.000000  0.000000  0.000000  0.000000  0.000000  
0.581050  0.052464  171.610399  -165.293626  44.400158  0.000000  0.000000  0.000000  0.000000  0.000000  0.000000  0.000000  0.000000  0.000000  0.000000  0.000000  0.000000  0.000000  0.000000  0.000000  
0.502100  -0.264978  143.229798  -78.677232  13.540854  -4.301897  0.000000  0.000000  0.000000  0.000000  0.000000  0.000000  0.000000  0.000000  0.000000  0.000000  0.000000  0.000000  0.000000  0.000000  
0.077912  0.487956  -60.001644  -15.601964  7.385382  26.952408  -29.670242  0.000000  0.000000  0.000000  0.000000  0.000000  0.000000  0.000000  0.000000  0.000000  0.000000  0.000000  0.000000  0.000000  
0.633990  -0.418217  215.346584  -137.959879  -35.102394  88.666380  -85.570629  0.374288  0.000000  0.000000  0.000000  0.000000  0.000000  0.000000  0.000000  0.000000  0.000000  0.000000  0.000000  0.000000  
0.025762  0.313376  -108.370064  21.731344  33.095300  10.589848  -17.808941  1.865818  -2.634515  0.000000  0.000000  0.000000  0.000000  0.000000  0.000000  0.000000  0.000000  0.000000  0.000000  0.000000  
0.114730  0.199945  -73.643234  47.389272  35.258508  -24.585437  11.863417  6.593908  -5.622410  -3.688886  0.000000  0.000000  0.000000  0.000000  0.000000  0.000000  0.000000  0.000000  0.000000  0.000000  
0.163470  0.288434  -5.237800  -61.772678  23.476315  29.210735  -27.126101  -3.215259  2.526305  1.872780  0.144711  0.000000  0.000000  0.000000  0.000000  0.000000  0.000000  0.000000  0.000000  0.000000  
0.731040  0.144394  249.499703  -247.240466  102.143437  -25.328410  16.233701  -0.537404  2.139898  -1.293976  0.676889  -88.086166  0.000000  0.000000  0.000000  0.000000  0.000000  0.000000  0.000000  0.000000  
0.254250  0.559040  42.793463  -85.637659  10.581624  -7.510353  3.630106  6.781962  -6.596105  -1.848281  -1.921589  -325.088049  518.360387  0.000000  0.000000  0.000000  0.000000  0.000000  0.000000  0.000000  
0.464600  0.039840  -56.305128  62.587112  16.949399  -38.505294  36.106946  3.928909  -4.904015  -0.826228  -0.877532  -16.271232  121.120623  8.799819  0.000000  0.000000  0.000000  0.000000  0.000000  0.000000  
0.754560  -0.437463  85.590024  -21.522228  28.524677  1.012004  -0.521042  -3.158004  3.917515  -0.060455  0.962096  164.829593  -259.824561  11.151239  -16.062451  0.000000  0.000000  0.000000  0.000000  0.000000  
0.588920  -0.364646  247.066819  -178.710392  -12.612231  69.101340  -63.859743  -5.302441  6.435968  0.868237  1.509959  126.184965  -279.999790  20.830835  -17.440927  -21.995880  18.203551  -20.855967  -67.512430  99.607003  
0.339650  0.427551  -66.469644  57.344502  19.887220  -64.804147  56.705043  11.661254  -12.666933  -3.142014  -2.239936  -258.645862  501.473689  -15.633900  29.275525  6.491645  -10.963749  14.633933  -167.835163  -65.950320  
0.367420  -0.163538  -91.898060  107.944367  17.278363  -23.545267  16.695685  -0.411607  0.028958  -0.307540  0.958375  236.159236  -324.543512  0.902458  -4.488018  0.884399  -5.988339  4.458362  40.755493  11.602936  
0.067862  0.541073  23.478093  -111.622225  49.417739  25.854693  -34.184276  2.304482  -1.880878  -0.784404  -0.296624  -180.244175  202.154984  -9.908266  18.437192  -9.410665  9.773959  -2.998143  -61.955092  -26.632387  
0.173800  0.139606  -216.585087  166.070472  4.878120  6.977283  -8.498834  -0.220637  -0.491354  0.198617  0.432975  195.629128  -222.480310  -8.332216  -4.655017  24.117187  0.837086  20.595077  22.538267  -50.013964  

0.501810  0.000000  0.000000  0.000000  0.000000  0.000000  0.000000  0.000000  0.000000  0.000000  0.000000  0.000000  0.000000  0.000000  0.000000  0.000000  0.000000  0.000000  0.000000  0.000000  
0.398620  0.322020  0.000000  0.000000  0.000000  0.000000  0.000000  0.000000  0.000000  0.000000  0.000000  0.000000  0.000000  0.000000  0.000000  0.000000  0.000000  0.000000  0.000000  0.000000  
0.795100  -0.543803  121.957150  0.000000  0.000000  0.000000  0.000000  0.000000  0.000000  0.000000  0.000000  0.000000  0.000000  0.000000  0.000000  0.000000  0.000000  0.000000  0.000000  0.000000  
0.780460  -0.439626  272.892122  -148.029581  0.000000  0.000000  0.000000  0.000000  0.000000  0.000000  0.000000  0.000000  0.000000  0.000000  0.000000  0.000000  0.000000  0.000000  0.000000  0.000000  
0.581050  0.052464  171.610399  -165.293626  44.400158  0.000000  0.000000  0.000000  0.000000  0.000000  0.000000  0.000000  0.000000  0.000000  0.000000  0.000000  0.000000  0.000000  0.000000  0.000000  
0.502100  -0.264978  143.229798  -78.677232  13.540854  -4.301897  0.000000  0.000000  0.000000  0.000000  0.000000  0.000000  0.000000  0.000000  0.000000  0.000000  0.000000  0.000000  0.000000  0.000000  
0.077912  0.487956  -60.001644  -15.601964  7.385382  26.952408  -29.670242  0.000000  0.000000  0.000000  0.000000  0.000000  0.000000  0.000000  0.000000  0.000000  0.000000  0.000000  0.000000  0.000000  
0.633990  -0.418217  215.346584  -137.959879  -35.102394  88.666380  -85.570629  0.374288  0.000000  0.000000  0.000000  0.000000  0.000000  0.000000  0.000000  0.000000  0.000000  0.000000  0.000000  0.000000  
0.025762  0.313376  -108.370064  21.731344  33.095300  10.589848  -17.808941  1.865818  -2.634515  0.000000  0.000000  0.000000  0.000000  0.000000  0.000000  0.000000  0.000000  0.000000  0.000000  0.000000  
0.114730  0.199945  -73.643234  47.389272  35.258508  -24.585437  11.863417  6.593908  -5.622410  -3.688886  0.000000  0.000000  0.000000  0.000000  0.000000  0.000000  0.000000  0.000000  0.000000  0.000000  
0.163470  0.288434  -5.237800  -61.772678  23.476315  29.210735  -27.126101  -3.215259  2.526305  1.872780  0.144711  0.000000  0.000000  0.000000  0.000000  0.000000  0.000000  0.000000  0.000000  0.000000  
0.731040  0.144394  249.499703  -247.240466  102.143437  -25.328410  16.233701  -0.537404  2.139898  -1.293976  0.676889  -88.086166  0.000000  0.000000  0.000000  0.000000  0.000000  0.000000  0.000000  0.000000  
0.254250  0.559040  42.793463  -85.637659  10.581624  -7.510353  3.630106  6.781962  -6.596105  -1.848281  -1.921589  -325.088049  518.360387  0.000000  0.000000  0.000000  0.000000  0.000000  0.000000  0.000000  
0.464600  0.039840  -56.305128  62.587112  16.949399  -38.505294  36.106946  3.928909  -4.904015  -0.826228  -0.877532  -16.271232  121.120623  8.799819  0.000000  0.000000  0.000000  0.000000  0.000000  0.000000  
0.754560  -0.437463  85.590024  -21.522228  28.524677  1.012004  -0.521042  -3.158004  3.917515  -0.060455  0.962096  164.829593  -259.824561  11.151239  -16.062451  0.000000  0.000000  0.000000  0.000000  0.000000  
0.588920  -0.364646  247.066819  -178.710392  -12.612231  69.101340  -63.859743  -5.302441  6.435968  0.868237  1.509959  126.184965  -279.999790  20.830835  -17.440927  -21.995880  0.000000  0.000000  0.000000  0.000000  
0.339650  0.427551  -66.469644  57.344502  19.887220  -64.804147  56.705043  11.661254  -12.666933  -3.142014  -2.239936  -258.645862  501.473689  -15.633900  29.275525  6.491645  6.756172  8.942127  -61.173163  8.071943  
0.367420  -0.163538  -91.898060  107.944367  17.278363  -23.545267  16.695685  -0.411607  0.028958  -0.307540  0.958375  236.159236  -324.543512  0.902458  -4.488018  0.884399  6.351485  3.817641  12.393940  -3.446636  
0.067862  0.541073  23.478093  -111.622225  49.417739  25.854693  -34.184276  2.304482  -1.880878  -0.784404  -0.296624  -180.244175  202.154984  -9.908266  18.437192  -9.410665  -2.399493  6.248655  -10.774607  15.291806  
0.173800  0.139606  -216.585087  166.070472  4.878120  6.977283  -8.498834  -0.220637  -0.491354  0.198617  0.432975  195.629128  -222.480310  -8.332216  -4.655017  24.117187  -25.128662  -2.396456  -16.774109  -13.072771  

0.501810  0.000000  0.000000  0.000000  0.000000  0.000000  0.000000  0.000000  0.000000  0.000000  0.000000  0.000000  0.000000  0.000000  0.000000  0.000000  0.000000  0.000000  0.000000  0.000000  
0.398620  0.322020  0.000000  0.000000  0.000000  0.000000  0.000000  0.000000  0.000000  0.000000  0.000000  0.000000  0.000000  0.000000  0.000000  0.000000  0.000000  0.000000  0.000000  0.000000  
0.795100  -0.543803  121.957150  0.000000  0.000000  0.000000  0.000000  0.000000  0.000000  0.000000  0.000000  0.000000  0.000000  0.000000  0.000000  0.000000  0.000000  0.000000  0.000000  0.000000  
0.780460  -0.439626  272.892122  -148.029581  0.000000  0.000000  0.000000  0.000000  0.000000  0.000000  0.000000  0.000000  0.000000  0.000000  0.000000  0.000000  0.000000  0.000000  0.000000  0.000000  
0.581050  0.052464  171.610399  -165.293626  44.400158  0.000000  0.000000  0.000000  0.000000  0.000000  0.000000  0.000000  0.000000  0.000000  0.000000  0.000000  0.000000  0.000000  0.000000  0.000000  
0.502100  -0.264978  143.229798  -78.677232  13.540854  -4.301897  0.000000  0.000000  0.000000  0.000000  0.000000  0.000000  0.000000  0.000000  0.000000  0.000000  0.000000  0.000000  0.000000  0.000000  
0.077912  0.487956  -60.001644  -15.601964  7.385382  26.952408  -29.670242  0.000000  0.000000  0.000000  0.000000  0.000000  0.000000  0.000000  0.000000  0.000000  0.000000  0.000000  0.000000  0.000000  
0.633990  -0.418217  215.346584  -137.959879  -35.102394  88.666380  -85.570629  0.374288  0.000000  0.000000  0.000000  0.000000  0.000000  0.000000  0.000000  0.000000  0.000000  0.000000  0.000000  0.000000  
0.025762  0.313376  -108.370064  21.731344  33.095300  10.589848  -17.808941  1.865818  -2.634515  0.000000  0.000000  0.000000  0.000000  0.000000  0.000000  0.000000  0.000000  0.000000  0.000000  0.000000  
0.114730  0.199945  -73.643234  47.389272  35.258508  -24.585437  11.863417  6.593908  -5.622410  -3.688886  0.000000  0.000000  0.000000  0.000000  0.000000  0.000000  0.000000  0.000000  0.000000  0.000000  
0.163470  0.288434  -5.237800  -61.772678  23.476315  29.210735  -27.126101  -3.215259  2.526305  1.872780  0.144711  0.000000  0.000000  0.000000  0.000000  0.000000  0.000000  0.000000  0.000000  0.000000  
0.731040  0.144394  249.499703  -247.240466  102.143437  -25.328410  16.233701  -0.537404  2.139898  -1.293976  0.676889  -88.086166  0.000000  0.000000  0.000000  0.000000  0.000000  0.000000  0.000000  0.000000  
0.254250  0.559040  42.793463  -85.637659  10.581624  -7.510353  3.630106  6.781962  -6.596105  -1.848281  -1.921589  -325.088049  518.360387  0.000000  0.000000  0.000000  0.000000  0.000000  0.000000  0.000000  
0.464600  0.039840  -56.305128  62.587112  16.949399  -38.505294  36.106946  3.928909  -4.904015  -0.826228  -0.877532  -16.271232  121.120623  8.799819  0.000000  0.000000  0.000000  0.000000  0.000000  0.000000  
0.754560  -0.437463  85.590024  -21.522228  28.524677  1.012004  -0.521042  -3.158004  3.917515  -0.060455  0.962096  164.829593  -259.824561  11.151239  -16.062451  0.000000  0.000000  0.000000  0.000000  0.000000  
0.588920  -0.364646  247.066819  -178.710392  -12.612231  69.101340  -63.859743  -5.302441  6.435968  0.868237  1.509959  126.184965  -279.999790  20.830835  -17.440927  -21.995880  0.000000  0.000000  0.000000  0.000000  
0.339650  0.427551  -66.469644  57.344502  19.887220  -64.804147  56.705043  11.661254  -12.666933  -3.142014  -2.239936  -258.645862  501.473689  -15.633900  29.275525  6.491645  6.756172  0.000000  0.000000  0.000000  
0.367420  -0.163538  -91.898060  107.944367  17.278363  -23.545267  16.695685  -0.411607  0.028958  -0.307540  0.958375  236.159236  -324.543512  0.902458  -4.488018  0.884399  6.351485  -3.467089  -7.720314  -9.236301  
0.067862  0.541073  23.478093  -111.622225  49.417739  25.854693  -34.184276  2.304482  -1.880878  -0.784404  -0.296624  -180.244175  202.154984  -9.908266  18.437192  -9.410665  -2.399493  7.120627  3.589477  15.198650  
0.173800  0.139606  -216.585087  166.070472  4.878120  6.977283  -8.498834  -0.220637  -0.491354  0.198617  0.432975  195.629128  -222.480310  -8.332216  -4.655017  24.117187  -25.128662  23.318034  26.981252  14.186825  

0.501810  0.000000  0.000000  0.000000  0.000000  0.000000  0.000000  0.000000  0.000000  0.000000  0.000000  0.000000  0.000000  0.000000  0.000000  0.000000  0.000000  0.000000  0.000000  0.000000  
0.398620  0.322020  0.000000  0.000000  0.000000  0.000000  0.000000  0.000000  0.000000  0.000000  0.000000  0.000000  0.000000  0.000000  0.000000  0.000000  0.000000  0.000000  0.000000  0.000000  
0.795100  -0.543803  121.957150  0.000000  0.000000  0.000000  0.000000  0.000000  0.000000  0.000000  0.000000  0.000000  0.000000  0.000000  0.000000  0.000000  0.000000  0.000000  0.000000  0.000000  
0.780460  -0.439626  272.892122  -148.029581  0.000000  0.000000  0.000000  0.000000  0.000000  0.000000  0.000000  0.000000  0.000000  0.000000  0.000000  0.000000  0.000000  0.000000  0.000000  0.000000  
0.581050  0.052464  171.610399  -165.293626  44.400158  0.000000  0.000000  0.000000  0.000000  0.000000  0.000000  0.000000  0.000000  0.000000  0.000000  0.000000  0.000000  0.000000  0.000000  0.000000  
0.502100  -0.264978  143.229798  -78.677232  13.540854  -4.301897  0.000000  0.000000  0.000000  0.000000  0.000000  0.000000  0.000000  0.000000  0.000000  0.000000  0.000000  0.000000  0.000000  0.000000  
0.077912  0.487956  -60.001644  -15.601964  7.385382  26.952408  -29.670242  0.000000  0.000000  0.000000  0.000000  0.000000  0.000000  0.000000  0.000000  0.000000  0.000000  0.000000  0.000000  0.000000  
0.633990  -0.418217  215.346584  -137.959879  -35.102394  88.666380  -85.570629  0.374288  0.000000  0.000000  0.000000  0.000000  0.000000  0.000000  0.000000  0.000000  0.000000  0.000000  0.000000  0.000000  
0.025762  0.313376  -108.370064  21.731344  33.095300  10.589848  -17.808941  1.865818  -2.634515  0.000000  0.000000  0.000000  0.000000  0.000000  0.000000  0.000000  0.000000  0.000000  0.000000  0.000000  
0.114730  0.199945  -73.643234  47.389272  35.258508  -24.585437  11.863417  6.593908  -5.622410  -3.688886  0.000000  0.000000  0.000000  0.000000  0.000000  0.000000  0.000000  0.000000  0.000000  0.000000  
0.163470  0.288434  -5.237800  -61.772678  23.476315  29.210735  -27.126101  -3.215259  2.526305  1.872780  0.144711  0.000000  0.000000  0.000000  0.000000  0.000000  0.000000  0.000000  0.000000  0.000000  
0.731040  0.144394  249.499703  -247.240466  102.143437  -25.328410  16.233701  -0.537404  2.139898  -1.293976  0.676889  -88.086166  0.000000  0.000000  0.000000  0.000000  0.000000  0.000000  0.000000  0.000000  
0.254250  0.559040  42.793463  -85.637659  10.581624  -7.510353  3.630106  6.781962  -6.596105  -1.848281  -1.921589  -325.088049  518.360387  0.000000  0.000000  0.000000  0.000000  0.000000  0.000000  0.000000  
0.464600  0.039840  -56.305128  62.587112  16.949399  -38.505294  36.106946  3.928909  -4.904015  -0.826228  -0.877532  -16.271232  121.120623  8.799819  0.000000  0.000000  0.000000  0.000000  0.000000  0.000000  
0.754560  -0.437463  85.590024  -21.522228  28.524677  1.012004  -0.521042  -3.158004  3.917515  -0.060455  0.962096  164.829593  -259.824561  11.151239  -16.062451  0.000000  0.000000  0.000000  0.000000  0.000000  
0.588920  -0.364646  247.066819  -178.710392  -12.612231  69.101340  -63.859743  -5.302441  6.435968  0.868237  1.509959  126.184965  -279.999790  20.830835  -17.440927  -21.995880  0.000000  0.000000  0.000000  0.000000  
0.339650  0.427551  -66.469644  57.344502  19.887220  -64.804147  56.705043  11.661254  -12.666933  -3.142014  -2.239936  -258.645862  501.473689  -15.633900  29.275525  6.491645  6.756172  0.000000  0.000000  0.000000  
0.367420  -0.163538  -91.898060  107.944367  17.278363  -23.545267  16.695685  -0.411607  0.028958  -0.307540  0.958375  236.159236  -324.543512  0.902458  -4.488018  0.884399  6.351485  -3.467089  0.000000  0.000000  
0.067862  0.541073  23.478093  -111.622225  49.417739  25.854693  -34.184276  2.304482  -1.880878  -0.784404  -0.296624  -180.244175  202.154984  -9.908266  18.437192  -9.410665  -2.399493  7.120627  -5.508641  -1.415413  
0.173800  0.139606  -216.585087  166.070472  4.878120  6.977283  -8.498834  -0.220637  -0.491354  0.198617  0.432975  195.629128  -222.480310  -8.332216  -4.655017  24.117187  -25.128662  23.318034  -11.201118  -17.992636  

6.38e-003